%YAML:1.0

K: !!opencv-matrix
   rows: 3
   cols: 3
   dt: d
   data: [1110.82549521097,0.0,912.993567282656,0.0,1109.54028549222,452.657733048226,0.0,0.0,1]
d: !!opencv-matrix
   rows: 5
   cols: 1
   dt: d
   data: [-0.230149580219241,-0.150581510284111,0,0, 0]

Camera.width: 1920
Camera.height: 1080
