%YAML:1.0

K: !!opencv-matrix
   rows: 3
   cols: 3
   dt: d
   data: [1104.50195815164,0.0,281.815052848494,0.0,1104.80247345753,166.229103132276,0.0,0.0,1]
d: !!opencv-matrix
   rows: 5
   cols: 1
   dt: d
   data: [-0.200600349900097,-0.045799082965466,0,0, 0]

Camera.width: 640
Camera.height: 480
